mtllib material_0.mtl
usemtl material_0
v 0.02713000 0.06495900 0.04254800
v 0.02713000 0.06495900 0.04254800
v 0.02713000 0.06495900 0.04254800
v 0.02713000 0.06495900 0.04254800
v 0.02713000 0.06495900 0.04254800
v 0.03542300 0.06200200 0.04254800
v 0.03542300 0.06200200 0.04254800
v 0.03542300 0.06200200 0.04254800
v 0.03542300 0.06200200 0.04254800
v 0.03542300 0.06200200 0.04254800
v 0.03542300 0.06200200 0.04254800
v 0.02894200 0.05974800 0.04254800
v 0.02894200 0.05974800 0.04254800
v 0.02894200 0.05974800 0.04254800
v 0.02894200 0.05974800 0.04254800
v 0.02894200 0.05974800 0.04254800
v 0.03361100 0.06721300 0.04254800
v 0.03361100 0.06721300 0.04254800
v 0.03361100 0.06721300 0.04254800
v 0.03361100 0.06721300 0.04254800
v 0.03361100 0.06721300 0.04254800
v 0.02713000 0.06495900 0.03920000
v 0.02713000 0.06495900 0.03920000
v 0.02713000 0.06495900 0.03920000
v 0.03542300 0.06200200 0.03920000
v 0.03542300 0.06200200 0.03920000
v 0.03542300 0.06200200 0.03920000
v 0.02894200 0.05974800 0.03920000
v 0.02894200 0.05974800 0.03920000
v 0.02894200 0.05974800 0.03920000
v 0.03361100 0.06721300 0.03920000
v 0.03361100 0.06721300 0.03920000
v 0.03361100 0.06721300 0.03920000
v 0.03218300 0.06087500 0.03920000
v 0.03218300 0.06087500 0.03920000
v 0.03218300 0.06087500 0.03920000
v 0.03218300 0.06087500 0.03920000
v 0.03451700 0.06460700 0.03920000
v 0.03451700 0.06460700 0.03920000
v 0.03451700 0.06460700 0.03920000
v 0.02803600 0.06235400 0.03920000
v 0.02803600 0.06235400 0.03920000
v 0.02803600 0.06235400 0.03920000
v 0.03037100 0.06608600 0.03920000
v 0.03037100 0.06608600 0.03920000
v 0.03037100 0.06608600 0.03920000
v 0.03127700 0.06348000 0.03920000
v 0.03056300 0.06031200 0.03920000
v 0.03056300 0.06031200 0.03920000
v 0.03056300 0.06031200 0.03920000
v 0.03406400 0.06591000 0.03920000
v 0.03406400 0.06591000 0.03920000
v 0.03406400 0.06591000 0.03920000
v 0.02848900 0.06105100 0.03920000
v 0.02848900 0.06105100 0.03920000
v 0.02848900 0.06105100 0.03920000
v 0.03199100 0.06664900 0.03920000
v 0.03199100 0.06664900 0.03920000
v 0.03199100 0.06664900 0.03920000
v 0.03380300 0.06143800 0.03920000
v 0.03380300 0.06143800 0.03920000
v 0.03380300 0.06143800 0.03920000
v 0.03497000 0.06330500 0.03920000
v 0.03497000 0.06330500 0.03920000
v 0.02758300 0.06365600 0.03920000
v 0.02758300 0.06365600 0.03920000
v 0.02758300 0.06365600 0.03920000
v 0.02875000 0.06552300 0.03920000
v 0.02875000 0.06552300 0.03920000
v 0.03082400 0.06478300 0.03920000
v 0.03173000 0.06217800 0.03920000
v 0.03289700 0.06404400 0.03920000
v 0.02965700 0.06291700 0.03920000
v 0.03011000 0.06161400 0.03920000
v 0.03335000 0.06274100 0.03920000
v 0.03244400 0.06534700 0.03920000
v 0.03244400 0.06534700 0.03920000
v 0.03244400 0.06534700 0.03920000
v 0.02920400 0.06422000 0.03920000
v 0.02920400 0.06422000 0.03920000
v 0.02920400 0.06422000 0.03920000
v 0.02975300 0.06003000 0.03920000
v 0.02975300 0.06003000 0.03920000
v 0.02975300 0.06003000 0.03920000
v 0.03383800 0.06656200 0.03920000
v 0.03383800 0.06656200 0.03920000
v 0.02871600 0.06039900 0.03920000
v 0.02871600 0.06039900 0.03920000
v 0.03280100 0.06693100 0.03920000
v 0.03280100 0.06693100 0.03920000
v 0.03280100 0.06693100 0.03920000
v 0.03299300 0.06115700 0.03920000
v 0.03299300 0.06115700 0.03920000
v 0.03299300 0.06115700 0.03920000
v 0.03474400 0.06395600 0.03920000
v 0.03474400 0.06395600 0.03920000
v 0.03474400 0.06395600 0.03920000
v 0.02781000 0.06300500 0.03920000
v 0.02781000 0.06300500 0.03920000
v 0.02781000 0.06300500 0.03920000
v 0.02956100 0.06580400 0.03920000
v 0.02956100 0.06580400 0.03920000
v 0.02956100 0.06580400 0.03920000
v 0.03059700 0.06543500 0.03920000
v 0.03150300 0.06282900 0.03920000
v 0.03370700 0.06432600 0.03920000
v 0.03046700 0.06319900 0.03920000
v 0.03137300 0.06059300 0.03920000
v 0.03137300 0.06059300 0.03920000
v 0.03137300 0.06059300 0.03920000
v 0.03429100 0.06525900 0.03920000
v 0.03429100 0.06525900 0.03920000
v 0.03429100 0.06525900 0.03920000
v 0.02826300 0.06170200 0.03920000
v 0.02826300 0.06170200 0.03920000
v 0.02826300 0.06170200 0.03920000
v 0.03118100 0.06636800 0.03920000
v 0.03118100 0.06636800 0.03920000
v 0.03118100 0.06636800 0.03920000
v 0.03461300 0.06172000 0.03920000
v 0.03461300 0.06172000 0.03920000
v 0.03461300 0.06172000 0.03920000
v 0.03519700 0.06265300 0.03920000
v 0.03519700 0.06265300 0.03920000
v 0.03519700 0.06265300 0.03920000
v 0.02735700 0.06430800 0.03920000
v 0.02735700 0.06430800 0.03920000
v 0.02794000 0.06524100 0.03920000
v 0.02794000 0.06524100 0.03920000
v 0.03105000 0.06413200 0.03920000
v 0.03195600 0.06152600 0.03920000
v 0.03208700 0.06376200 0.03920000
v 0.02884600 0.06263500 0.03920000
v 0.02988300 0.06226600 0.03920000
v 0.03033600 0.06096300 0.03920000
v 0.03092000 0.06189600 0.03920000
v 0.02929900 0.06133300 0.03920000
v 0.03312400 0.06339300 0.03920000
v 0.03357700 0.06209000 0.03920000
v 0.03416000 0.06302300 0.03920000
v 0.03254000 0.06245900 0.03920000
v 0.03221700 0.06599800 0.03920000
v 0.03267000 0.06469500 0.03920000
v 0.03267000 0.06469500 0.03920000
v 0.03267000 0.06469500 0.03920000
v 0.03325400 0.06562800 0.03920000
v 0.03163400 0.06506500 0.03920000
v 0.03163400 0.06506500 0.03920000
v 0.03163400 0.06506500 0.03920000
v 0.02897700 0.06487100 0.03920000
v 0.02943000 0.06356800 0.03920000
v 0.02943000 0.06356800 0.03920000
v 0.02943000 0.06356800 0.03920000
v 0.03001400 0.06450200 0.03920000
v 0.03001400 0.06450200 0.03920000
v 0.03001400 0.06450200 0.03920000
v 0.02839300 0.06393800 0.03920000
v 0.02862000 0.06328700 0.03920000
v 0.03024000 0.06385000 0.03920000
v 0.03024000 0.06385000 0.03920000
v 0.03024000 0.06385000 0.03920000
v 0.02978700 0.06515300 0.03920000
v 0.03186000 0.06441400 0.03920000
v 0.03186000 0.06441400 0.03920000
v 0.03186000 0.06441400 0.03920000
v 0.03348100 0.06497700 0.03920000
v 0.03302800 0.06628000 0.03920000
v 0.03276600 0.06180800 0.03920000
v 0.03438700 0.06237200 0.03920000
v 0.03393400 0.06367400 0.03920000
v 0.02952600 0.06068100 0.03920000
v 0.03114600 0.06124500 0.03920000
v 0.03069300 0.06254700 0.03920000
v 0.02907300 0.06198400 0.03920000
v 0.03231300 0.06311100 0.03920000
v 0.03140700 0.06571600 0.03920000
v 0.02816700 0.06458900 0.03920000
v 0.03105000 0.06413200 0.03795300
v 0.03024000 0.06385000 0.03795300
v 0.03024000 0.06385000 0.03795300
v 0.03024000 0.06385000 0.03795300
v 0.03312400 0.06339300 0.03795300
v 0.03231300 0.06311100 0.03795300
v 0.03409300 0.06060500 0.03831800
v 0.03409300 0.06060500 0.03831800
v 0.03409300 0.06060500 0.03831800
v 0.03490300 0.06088700 0.03831800
v 0.03490300 0.06088700 0.03831800
v 0.03490300 0.06088700 0.03831800
v 0.03490300 0.06088700 0.03831800
v 0.03186000 0.06441400 0.03795300
v 0.03186000 0.06441400 0.03795300
v 0.03186000 0.06441400 0.03795300
v 0.03328300 0.06032400 0.03831800
v 0.03328300 0.06032400 0.03831800
v 0.03328300 0.06032400 0.03831800
v 0.02897700 0.06487100 0.03795300
v 0.02897700 0.06487100 0.03795300
v 0.02978700 0.06515300 0.03795300
v 0.02978700 0.06515300 0.03795300
v 0.02978700 0.06515300 0.03795300
v 0.03535000 0.06489700 0.03831800
v 0.03535000 0.06489700 0.03831800
v 0.03535000 0.06489700 0.03831800
v 0.03535000 0.06489700 0.03831800
v 0.03557700 0.06424600 0.03831800
v 0.03557700 0.06424600 0.03831800
v 0.03557700 0.06424600 0.03831800
v 0.03557700 0.06424600 0.03831800
v 0.03370700 0.06432600 0.03795300
v 0.03370700 0.06432600 0.03795300
v 0.03370700 0.06432600 0.03795300
v 0.03512400 0.06554800 0.03831800
v 0.03512400 0.06554800 0.03831800
v 0.03512400 0.06554800 0.03831800
v 0.03166200 0.05976000 0.03831800
v 0.03166200 0.05976000 0.03831800
v 0.03114600 0.06124500 0.03795300
v 0.03114600 0.06124500 0.03795300
v 0.03276600 0.06180800 0.03795300
v 0.03276600 0.06180800 0.03795300
v 0.02816700 0.06458900 0.03795300
v 0.02816700 0.06458900 0.03795300
v 0.02816700 0.06458900 0.03795300
v 0.02816700 0.06458900 0.03795300
v 0.02816700 0.06458900 0.03795300
v 0.03654600 0.06145800 0.04254800
v 0.03654600 0.06145800 0.04254800
v 0.03654600 0.06145800 0.04254800
v 0.03654600 0.06145800 0.04254800
v 0.03654600 0.06145800 0.04254800
v 0.03654600 0.06145800 0.04254800
v 0.03654600 0.06145800 0.04254800
v 0.02839900 0.05862500 0.04254800
v 0.02839900 0.05862500 0.04254800
v 0.02839900 0.05862500 0.04254800
v 0.02839900 0.05862500 0.04254800
v 0.02839900 0.05862500 0.04254800
v 0.02839900 0.05862500 0.04254800
v 0.02839900 0.05862500 0.04254800
v 0.02839900 0.05862500 0.04254800
v 0.03415500 0.06833600 0.04254800
v 0.03415500 0.06833600 0.04254800
v 0.03415500 0.06833600 0.04254800
v 0.03415500 0.06833600 0.04254800
v 0.03415500 0.06833600 0.04254800
v 0.03415500 0.06833600 0.04254800
v 0.03634000 0.06155800 0.03848000
v 0.03634000 0.06155800 0.03848000
v 0.03634000 0.06155800 0.03848000
v 0.03634000 0.06155800 0.03848000
v 0.03011000 0.06161400 0.03795300
v 0.02929900 0.06133300 0.03795300
v 0.02929900 0.06133300 0.03795300
v 0.03357700 0.06209000 0.03795300
v 0.03357700 0.06209000 0.03795300
v 0.03092000 0.06189600 0.03795300
v 0.02988300 0.06226600 0.03795300
v 0.03033600 0.06096300 0.03795300
v 0.03033600 0.06096300 0.03795300
v 0.03393400 0.06367400 0.03795300
v 0.03393400 0.06367400 0.03795300
v 0.03393400 0.06367400 0.03795300
v 0.03348100 0.06497700 0.03795300
v 0.03348100 0.06497700 0.03795300
v 0.03195600 0.06152600 0.03795300
v 0.03195600 0.06152600 0.03795300
v 0.02943000 0.06356800 0.03795300
v 0.02943000 0.06356800 0.03795300
v 0.02943000 0.06356800 0.03795300
v 0.02720300 0.06206400 0.03831800
v 0.02720300 0.06206400 0.03831800
v 0.02720300 0.06206400 0.03831800
v 0.02720300 0.06206400 0.03831800
v 0.02884600 0.06263500 0.03795300
v 0.02884600 0.06263500 0.03795300
v 0.02884600 0.06263500 0.03795300
v 0.02697700 0.06271500 0.03831800
v 0.02697700 0.06271500 0.03831800
v 0.02697700 0.06271500 0.03831800
v 0.02743000 0.06141300 0.03831800
v 0.02743000 0.06141300 0.03831800
v 0.02849900 0.05883100 0.03848000
v 0.02849900 0.05883100 0.03848000
v 0.02849900 0.05883100 0.03848000
v 0.02849900 0.05883100 0.03848000
v 0.03335000 0.06274100 0.03795300
v 0.03438700 0.06237200 0.03795300
v 0.03438700 0.06237200 0.03795300
v 0.03438700 0.06237200 0.03795300
v 0.03438700 0.06237200 0.03795300
v 0.03438700 0.06237200 0.03795300
v 0.02862000 0.06328700 0.03795300
v 0.02862000 0.06328700 0.03795300
v 0.02862000 0.06328700 0.03795300
v 0.03580300 0.06359400 0.03831800
v 0.03580300 0.06359400 0.03831800
v 0.03580300 0.06359400 0.03831800
v 0.03603000 0.06294300 0.03831800
v 0.03603000 0.06294300 0.03831800
v 0.03603000 0.06294300 0.03831800
v 0.03603000 0.06294300 0.03831800
v 0.03603000 0.06294300 0.03831800
v 0.03416000 0.06302300 0.03795300
v 0.03416000 0.06302300 0.03795300
v 0.03416000 0.06302300 0.03795300
v 0.03254000 0.06245900 0.03795300
v 0.03208700 0.06376200 0.03795300
v 0.03001400 0.06450200 0.03795300
v 0.03001400 0.06450200 0.03795300
v 0.03001400 0.06450200 0.03795300
v 0.02675000 0.06336700 0.03831800
v 0.02675000 0.06336700 0.03831800
v 0.02839300 0.06393800 0.03795300
v 0.02839300 0.06393800 0.03795300
v 0.02839300 0.06393800 0.03795300
v 0.03008100 0.06691900 0.03831800
v 0.03008100 0.06691900 0.03831800
v 0.03008100 0.06691900 0.03831800
v 0.03059700 0.06543500 0.03795300
v 0.03059700 0.06543500 0.03795300
v 0.03089100 0.06720100 0.03831800
v 0.03089100 0.06720100 0.03831800
v 0.02907300 0.06198400 0.03795300
v 0.02907300 0.06198400 0.03795300
v 0.02907300 0.06198400 0.03795300
v 0.03244400 0.06534700 0.03795300
v 0.03244400 0.06534700 0.03795300
v 0.03244400 0.06534700 0.03795300
v 0.03163400 0.06506500 0.03795300
v 0.03163400 0.06506500 0.03795300
v 0.03163400 0.06506500 0.03795300
v 0.02652400 0.06401800 0.03831800
v 0.02652400 0.06401800 0.03831800
v 0.02652400 0.06401800 0.03831800
v 0.02652400 0.06401800 0.03831800
v 0.02652400 0.06401800 0.03831800
v 0.03405500 0.06813000 0.03848000
v 0.03405500 0.06813000 0.03848000
v 0.03405500 0.06813000 0.03848000
v 0.03405500 0.06813000 0.03848000
v 0.02927100 0.06663700 0.03831800
v 0.02927100 0.06663700 0.03831800
v 0.02927100 0.06663700 0.03831800
v 0.02927100 0.06663700 0.03831800
v 0.03221700 0.06599800 0.03795300
v 0.03221700 0.06599800 0.03795300
v 0.03267000 0.06469500 0.03795300
v 0.03267000 0.06469500 0.03795300
v 0.03267000 0.06469500 0.03795300
v 0.03325400 0.06562800 0.03795300
v 0.03325400 0.06562800 0.03795300
v 0.02846100 0.06635600 0.03831800
v 0.02846100 0.06635600 0.03831800
v 0.02846100 0.06635600 0.03831800
v 0.02765100 0.06607400 0.03831800
v 0.02765100 0.06607400 0.03831800
v 0.02765100 0.06607400 0.03831800
v 0.02765100 0.06607400 0.03831800
v 0.03127700 0.06348000 0.03795300
v 0.03150300 0.06282900 0.03795300
v 0.03046700 0.06319900 0.03795300
v 0.03140700 0.06571600 0.03795300
v 0.03140700 0.06571600 0.03795300
v 0.02621300 0.06540300 0.03848000
v 0.02621300 0.06540300 0.03848000
v 0.02621300 0.06540300 0.03848000
v 0.02621300 0.06540300 0.03848000
v 0.02920400 0.06422000 0.03795300
v 0.02920400 0.06422000 0.03795300
v 0.02920400 0.06422000 0.03795300
v 0.03082400 0.06478300 0.03795300
v 0.03302800 0.06628000 0.03795300
v 0.03302800 0.06628000 0.03795300
v 0.03302800 0.06628000 0.03795300
v 0.03302800 0.06628000 0.03795300
v 0.03302800 0.06628000 0.03795300
v 0.03302800 0.06628000 0.03795300
v 0.03085200 0.05947800 0.03831800
v 0.03085200 0.05947800 0.03831800
v 0.03085200 0.05947800 0.03831800
v 0.03085200 0.05947800 0.03831800
v 0.03004200 0.05919700 0.03831800
v 0.03004200 0.05919700 0.03831800
v 0.03004200 0.05919700 0.03831800
v 0.03004200 0.05919700 0.03831800
v 0.03069300 0.06254700 0.03795300
v 0.02952600 0.06068100 0.03795300
v 0.02952600 0.06068100 0.03795300
v 0.02952600 0.06068100 0.03795300
v 0.02952600 0.06068100 0.03795300
v 0.02952600 0.06068100 0.03795300
v 0.02952600 0.06068100 0.03795300
v 0.03173000 0.06217800 0.03795300
v 0.03467100 0.06685100 0.03831800
v 0.03467100 0.06685100 0.03831800
v 0.03467100 0.06685100 0.03831800
v 0.03467100 0.06685100 0.03831800
v 0.03489700 0.06620000 0.03831800
v 0.03489700 0.06620000 0.03831800
v 0.03489700 0.06620000 0.03831800
v 0.03489700 0.06620000 0.03831800
v 0.02788300 0.06011000 0.03831800
v 0.02788300 0.06011000 0.03831800
v 0.02788300 0.06011000 0.03831800
v 0.02788300 0.06011000 0.03831800
v 0.03289700 0.06404400 0.03795300
v 0.02765600 0.06076100 0.03831800
v 0.02765600 0.06076100 0.03831800
v 0.02765600 0.06076100 0.03831800
v 0.02765600 0.06076100 0.03831800
v 0.03251100 0.06776400 0.03831800
v 0.03251100 0.06776400 0.03831800
v 0.03251100 0.06776400 0.03831800
v 0.03251100 0.06776400 0.03831800
v 0.02965700 0.06291700 0.03795300
v 0.03170100 0.06748300 0.03831800
v 0.03170100 0.06748300 0.03831800
v 0.03247300 0.06004200 0.03831800
v 0.03247300 0.06004200 0.03831800
v 0.03247300 0.06004200 0.03831800
v 0.02600700 0.06550300 0.04254800
v 0.02600700 0.06550300 0.04254800
v 0.02600700 0.06550300 0.04254800
v 0.02600700 0.06550300 0.04254800
v 0.02600700 0.06550300 0.04254800
v 0.02600700 0.06550300 0.04254800
v 0.02600700 0.06550300 0.04254800
vn 0.00000000 0.00000000 1.00000000
vn 0.94450000 0.32840000 0.00000000
vn 0.94450000 0.32850000 0.00000000
vn 0.32850000 -0.94450000 0.00000000
vn 0.32840000 -0.94450000 -0.00010000
vn -0.94450000 -0.32840000 0.00000000
vn -0.32850000 0.94450000 0.00000000
vn 0.00000000 0.00000000 1.00000000
vn -0.32840000 0.94450000 0.00000000
vn -0.94450000 -0.32850000 0.00000000
vn -0.32850000 0.94450000 0.00010000
vn -0.32850000 0.94450000 0.00000000
vn 0.94450000 0.32840000 0.00000000
vn 0.94450000 0.32850000 0.00000000
vn -0.32840000 0.94450000 0.00000000
vn 0.00000000 0.00000000 1.00000000
vn 0.00000000 0.00000000 1.00000000
vn -0.94450000 -0.32840000 0.00000000
vn 0.32840000 -0.94450000 0.00000000
vn -0.94450000 -0.32850000 0.00000000
vn 0.32850000 -0.94450000 0.00000000
vn 0.32850000 -0.94450000 0.00000000
vn 0.94450000 0.32840000 0.00000000
vn 0.00000000 0.00000000 1.00000000
vn 0.00000000 0.00000000 1.00000000
vn -0.32840000 0.94450000 0.00000000
vn -0.94450000 -0.32850000 0.00000000
vn 0.00000000 0.00000000 1.00000000
vn 0.94450000 0.32840000 0.00000000
vn -0.32850000 0.94450000 0.00000000
vn 0.32840000 -0.94450000 0.00000000
vn -0.94450000 -0.32840000 0.00000000
vn 0.00000000 0.00000000 1.00000000
vn -0.32850000 0.94450000 0.00010000
vn -0.32840000 0.94450000 0.00000000
vn -0.32850000 0.94450000 0.00000000
vn 0.00000000 0.00000000 1.00000000
vn 0.00000000 0.00000000 1.00000000
vn -0.94450000 -0.32850000 0.00000000
vn -0.94450000 -0.32840000 0.00000000
vn 0.94450000 0.32840000 0.00000000
vn 0.94450000 0.32850000 0.00000000
vn 0.00000000 0.00000000 1.00000000
vn 0.32850000 -0.94450000 0.00000000
vn 0.00000000 0.00000000 1.00000000
vn 0.32840000 -0.94450000 -0.00010000
vn 0.00000000 0.00000000 1.00000000
vn -0.32840000 0.94450000 0.00000000
vn 0.00000000 0.00000000 1.00000000
vn -0.32850000 0.94450000 0.00000000
vn -0.94450000 -0.32840000 0.00000000
vn 0.00000000 0.00000000 1.00000000
vn -0.94450000 -0.32850000 0.00000000
vn 0.94450000 0.32840000 0.00000000
vn 0.00000000 0.00000000 1.00000000
vn 0.94450000 0.32850000 0.00000000
vn 0.32840000 -0.94450000 0.00000000
vn 0.00000000 0.00000000 1.00000000
vn 0.32850000 -0.94450000 0.00000000
vn 0.00000000 0.00000000 1.00000000
vn -0.32840000 0.94450000 0.00000000
vn -0.32850000 0.94450000 0.00000000
vn 0.00000000 0.00000000 1.00000000
vn -0.94450000 -0.32840000 0.00000000
vn 0.94450000 0.32840000 0.00000000
vn 0.00000000 0.00000000 1.00000000
vn 0.94450000 0.32850000 0.00000000
vn 0.00000000 0.00000000 1.00000000
vn 0.32850000 -0.94450000 0.00000000
vn 0.00000000 0.00000000 1.00000000
vn 0.00000000 0.00000000 1.00000000
vn 0.00000000 0.00000000 1.00000000
vn 0.00000000 0.00000000 1.00000000
vn 0.00000000 0.00000000 1.00000000
vn 0.00000000 0.00000000 1.00000000
vn -0.94450000 -0.32840000 0.00000000
vn 0.32850000 -0.94450000 0.00000000
vn 0.00000000 0.00000000 1.00000000
vn 0.00000000 0.00000000 1.00000000
vn 0.94450000 0.32840000 0.00000000
vn 0.32840000 -0.94450000 0.00000000
vn -0.32840000 0.94450000 0.00000000
vn -0.32850000 0.94450000 0.00000000
vn 0.00000000 0.00000000 1.00000000
vn -0.94450000 -0.32840000 0.00000000
vn 0.00000000 0.00000000 1.00000000
vn 0.94450000 0.32840000 0.00000000
vn 0.00000000 0.00000000 1.00000000
vn 0.32850000 -0.94450000 0.00000000
vn 0.00000000 0.00000000 1.00000000
vn 0.32840000 -0.94450000 0.00000000
vn -0.32840000 0.94450000 0.00000000
vn -0.32850000 0.94450000 0.00010000
vn 0.00000000 0.00000000 1.00000000
vn 0.00000000 0.00000000 1.00000000
vn -0.94450000 -0.32840000 0.00000000
vn -0.94450000 -0.32850000 0.00000000
vn 0.94450000 0.32850000 0.00000000
vn 0.00000000 0.00000000 1.00000000
vn 0.94450000 0.32840000 0.00000000
vn 0.00000000 0.00000000 1.00000000
vn 0.32850000 -0.94450000 0.00000000
vn 0.32840000 -0.94450000 -0.00010000
vn 0.00000000 0.00000000 1.00000000
vn 0.00000000 0.00000000 1.00000000
vn 0.00000000 0.00000000 1.00000000
vn 0.00000000 0.00000000 1.00000000
vn 0.00000000 0.00000000 1.00000000
vn -0.32850000 0.94450000 0.00000000
vn -0.32840000 0.94450000 0.00000000
vn -0.94450000 -0.32840000 0.00000000
vn -0.94450000 -0.32850000 0.00000000
vn 0.00000000 0.00000000 1.00000000
vn 0.00000000 0.00000000 1.00000000
vn 0.94450000 0.32850000 0.00000000
vn 0.94450000 0.32840000 0.00000000
vn 0.32850000 -0.94450000 0.00000000
vn 0.32840000 -0.94450000 0.00000000
vn 0.00000000 0.00000000 1.00000000
vn -0.32850000 0.94450000 0.00000000
vn -0.32840000 0.94450000 0.00000000
vn 0.00000000 0.00000000 1.00000000
vn 0.00000000 0.00000000 1.00000000
vn -0.94450000 -0.32850000 0.00000000
vn -0.94450000 -0.32840000 0.00000000
vn 0.94450000 0.32840000 0.00000000
vn 0.00000000 0.00000000 1.00000000
vn 0.00000000 0.00000000 1.00000000
vn 0.32850000 -0.94450000 0.00000000
vn 0.00000000 0.00000000 1.00000000
vn 0.00000000 0.00000000 1.00000000
vn 0.00000000 0.00000000 1.00000000
vn 0.00000000 0.00000000 1.00000000
vn 0.00000000 0.00000000 1.00000000
vn 0.00000000 0.00000000 1.00000000
vn 0.00000000 0.00000000 1.00000000
vn 0.00000000 0.00000000 1.00000000
vn 0.00000000 0.00000000 1.00000000
vn 0.00000000 0.00000000 1.00000000
vn 0.00000000 0.00000000 1.00000000
vn 0.00000000 0.00000000 1.00000000
vn 0.00000000 0.00000000 1.00000000
vn 0.00000000 0.00000000 1.00000000
vn -0.32840000 0.94450000 0.00000000
vn -0.94450000 -0.32840000 0.00000000
vn 0.00000000 0.00000000 1.00000000
vn 0.32850000 -0.94450000 0.00000000
vn 0.94450000 0.32850000 0.00000000
vn 0.00000000 0.00000000 1.00000000
vn 0.00000000 0.00000000 1.00000000
vn 0.94450000 0.32840000 0.00000000
vn -0.32850000 0.94450000 0.00000000
vn 0.00000000 0.00000000 1.00000000
vn -0.94450000 -0.32840000 0.00000000
vn 0.00000000 0.00000000 1.00000000
vn 0.32840000 -0.94450000 0.00000000
vn 0.00000000 0.00000000 1.00000000
vn 0.00000000 0.00000000 1.00000000
vn -0.94450000 -0.32840000 0.00000000
vn -0.32850000 0.94450000 0.00000000
vn 0.00000000 0.00000000 1.00000000
vn 0.00000000 0.00000000 1.00000000
vn -0.32840000 0.94450000 0.00000000
vn 0.00000000 0.00000000 1.00000000
vn 0.94450000 0.32850000 0.00000000
vn 0.00000000 0.00000000 1.00000000
vn 0.00000000 0.00000000 1.00000000
vn 0.00000000 0.00000000 1.00000000
vn 0.00000000 0.00000000 1.00000000
vn 0.00000000 0.00000000 1.00000000
vn 0.00000000 0.00000000 1.00000000
vn 0.00000000 0.00000000 1.00000000
vn 0.00000000 0.00000000 1.00000000
vn 0.00000000 0.00000000 1.00000000
vn 0.00000000 0.00000000 1.00000000
vn 0.00000000 0.00000000 1.00000000
vn 0.00000000 0.00000000 1.00000000
vn 0.00000000 0.00000000 -1.00000000
vn -0.32850000 0.94450000 0.00000000
vn -0.94450000 -0.32840000 0.00000000
vn 0.00000000 0.00000000 -1.00000000
vn 0.00000000 0.00000000 -1.00000000
vn 0.00000000 0.00000000 -1.00000000
vn 0.32840000 -0.94450000 0.00000000
vn 0.32850000 -0.94450000 0.00000000
vn 0.07440000 -0.21390000 -0.97400000
vn 0.18920000 -0.17210000 -0.96670000
vn 0.42680000 -0.90330000 -0.04380000
vn 0.07440000 -0.21390000 -0.97400000
vn 0.32840000 -0.94450000 0.00000000
vn -0.32840000 0.94450000 0.00000000
vn 0.94450000 0.32850000 0.00000000
vn 0.00000000 0.00000000 -1.00000000
vn 0.32840000 -0.94450000 0.00000000
vn 0.07440000 -0.21390000 -0.97400000
vn 0.32850000 -0.94450000 0.00000000
vn 0.00000000 0.00000000 -1.00000000
vn -0.07440000 0.21390000 -0.97400000
vn -0.07440000 0.21390000 -0.97400000
vn 0.00000000 0.00000000 -1.00000000
vn -0.07430000 0.21390000 -0.97400000
vn 0.94450000 0.32840000 0.00000000
vn 0.94450000 0.32850000 0.00000000
vn 0.19410000 0.06750000 -0.97860000
vn 0.19420000 0.06750000 -0.97860000
vn 0.19410000 0.06750000 -0.97860000
vn 0.19420000 0.06750000 -0.97860000
vn 0.94450000 0.32840000 0.00000000
vn 0.94450000 0.32850000 0.00000000
vn 0.19420000 0.06750000 -0.97860000
vn 0.19410000 0.06750000 -0.97860000
vn 0.00000000 0.00000000 -1.00000000
vn 0.94450000 0.32850000 0.00000000
vn 0.19410000 0.06750000 -0.97860000
vn 0.94450000 0.32840000 0.00000000
vn 0.32840000 -0.94450000 0.00000000
vn 0.07440000 -0.21390000 -0.97400000
vn 0.00000000 0.00000000 -1.00000000
vn 0.07440000 -0.21390000 -0.97400000
vn 0.07440000 -0.21390000 -0.97400000
vn 0.00000000 0.00000000 -1.00000000
vn -0.19420000 -0.06750000 -0.97860000
vn -0.07440000 0.21390000 -0.97400000
vn -0.18930000 0.17210000 -0.96670000
vn -0.23660000 0.06030000 -0.96970000
vn 0.00000000 0.00000000 -1.00000000
vn 0.32850000 -0.94450000 0.00000000
vn 0.00000000 0.00000000 1.00000000
vn 0.94450000 0.32840000 0.00000000
vn 0.42680000 -0.90330000 -0.04380000
vn 0.32840000 -0.94450000 0.00000000
vn 0.94450000 0.32850000 0.00000000
vn 0.97600000 0.21340000 -0.04420000
vn -0.94450000 -0.32850000 0.00000000
vn 0.00000000 0.00000000 1.00000000
vn 0.32840000 -0.94450000 0.00000000
vn -0.94450000 -0.32840000 0.00000000
vn -0.89780000 -0.43820000 -0.04420000
vn 0.32860000 -0.94450000 0.00000000
vn 0.22580000 -0.97320000 -0.04380000
vn 0.32850000 -0.94450000 0.00000000
vn -0.32850000 0.94450000 0.00000000
vn 0.94450000 0.32840000 0.00000000
vn 0.94450000 0.32850000 0.00000000
vn 0.00000000 0.00000000 1.00000000
vn 0.89780000 0.43810000 -0.04420000
vn -0.22580000 0.97320000 -0.04380000
vn 0.23660000 -0.06030000 -0.96970000
vn 0.18920000 -0.17210000 -0.96670000
vn 0.42680000 -0.90330000 -0.04380000
vn 0.97600000 0.21340000 -0.04420000
vn 0.00000000 0.00000000 -1.00000000
vn 0.00000000 0.00000000 -1.00000000
vn -0.19410000 -0.06750000 -0.97860000
vn 0.00000000 0.00000000 -1.00000000
vn 0.07440000 -0.21390000 -0.97400000
vn 0.00000000 0.00000000 -1.00000000
vn 0.00000000 0.00000000 -1.00000000
vn 0.00000000 0.00000000 -1.00000000
vn 0.07440000 -0.21390000 -0.97400000
vn 0.19420000 0.06750000 -0.97860000
vn 0.19410000 0.06750000 -0.97860000
vn 0.00000000 0.00000000 -1.00000000
vn 0.19410000 0.06750000 -0.97860000
vn 0.00000000 0.00000000 -1.00000000
vn 0.07440000 -0.21390000 -0.97400000
vn 0.00000000 0.00000000 -1.00000000
vn -0.32850000 0.94450000 0.00000000
vn 0.94450000 0.32840000 0.00000000
vn 0.00000000 0.00000000 -1.00000000
vn -0.94450000 -0.32840000 0.00000000
vn -0.19410000 -0.06750000 -0.97860000
vn -0.94450000 -0.32850000 0.00000000
vn -0.19420000 -0.06750000 -0.97860000
vn 0.00000000 0.00000000 -1.00000000
vn -0.19410000 -0.06750000 -0.97860000
vn -0.19420000 -0.06750000 -0.97860000
vn -0.94450000 -0.32850000 0.00000000
vn -0.94450000 -0.32840000 0.00000000
vn -0.19410000 -0.06750000 -0.97860000
vn -0.19420000 -0.06750000 -0.97860000
vn -0.94450000 -0.32840000 0.00000000
vn -0.14810000 -0.19410000 -0.96970000
vn 0.22580000 -0.97320000 -0.04380000
vn -0.89780000 -0.43820000 -0.04420000
vn -0.04160000 -0.25240000 -0.96670000
vn 0.00000000 0.00000000 -1.00000000
vn 0.07440000 -0.21390000 -0.97400000
vn 0.23660000 -0.06030000 -0.96970000
vn 0.00000000 0.00000000 -1.00000000
vn 0.19420000 0.06750000 -0.97860000
vn 0.18920000 -0.17210000 -0.96670000
vn -0.19420000 -0.06750000 -0.97860000
vn -0.19410000 -0.06750000 -0.97860000
vn 0.00000000 0.00000000 -1.00000000
vn 0.19420000 0.06750000 -0.97860000
vn 0.19410000 0.06750000 -0.97860000
vn 0.94450000 0.32850000 0.00000000
vn 0.19410000 0.06750000 -0.97860000
vn 0.94450000 0.32850000 0.00000000
vn 0.19420000 0.06750000 -0.97860000
vn 0.97600000 0.21340000 -0.04420000
vn 0.23660000 -0.06030000 -0.96970000
vn 0.19410000 0.06750000 -0.97860000
vn 0.19420000 0.06750000 -0.97860000
vn 0.00000000 0.00000000 -1.00000000
vn 0.00000000 0.00000000 -1.00000000
vn 0.00000000 0.00000000 -1.00000000
vn -0.94450000 -0.32840000 0.00000000
vn 0.32840000 -0.94450000 0.00000000
vn 0.00000000 0.00000000 -1.00000000
vn -0.94450000 -0.32840000 0.00000000
vn -0.19410000 -0.06750000 -0.97860000
vn -0.19410000 -0.06750000 -0.97860000
vn 0.00000000 0.00000000 -1.00000000
vn -0.19420000 -0.06750000 -0.97860000
vn -0.32850000 0.94450000 0.00000000
vn -0.32840000 0.94450000 0.00000000
vn -0.07440000 0.21390000 -0.97400000
vn -0.07440000 0.21390000 -0.97400000
vn 0.00000000 0.00000000 -1.00000000
vn -0.32850000 0.94450000 0.00000000
vn -0.07440000 0.21390000 -0.97400000
vn -0.19410000 -0.06750000 -0.97860000
vn -0.19420000 -0.06750000 -0.97860000
vn 0.00000000 0.00000000 -1.00000000
vn 0.32850000 -0.94450000 0.00000000
vn -0.94450000 -0.32840000 0.00000000
vn 0.00000000 0.00000000 -1.00000000
vn 0.32850000 -0.94450000 0.00000000
vn 0.94450000 0.32850000 0.00000000
vn 0.00000000 0.00000000 -1.00000000
vn -0.23660000 0.06030000 -0.96970000
vn -0.97590000 -0.21350000 -0.04420000
vn -0.94450000 -0.32840000 0.00000000
vn -0.19420000 -0.06750000 -0.97860000
vn -0.19410000 -0.06750000 -0.97860000
vn 0.14810000 0.19410000 -0.96970000
vn 0.89780000 0.43810000 -0.04420000
vn -0.22580000 0.97320000 -0.04380000
vn 0.04160000 0.25240000 -0.96670000
vn -0.07430000 0.21390000 -0.97400000
vn -0.32850000 0.94450000 0.00000000
vn -0.32840000 0.94450000 0.00000000
vn -0.07440000 0.21390000 -0.97400000
vn 0.00000000 0.00000000 -1.00000000
vn -0.07440000 0.21390000 -0.97400000
vn -0.94450000 -0.32840000 0.00000000
vn 0.00000000 0.00000000 -1.00000000
vn -0.32840000 0.94450000 0.00000000
vn 0.00000000 0.00000000 -1.00000000
vn 0.19410000 0.06750000 -0.97860000
vn -0.07440000 0.21390000 -0.97400000
vn -0.07430000 0.21390000 -0.97400000
vn -0.32850000 0.94450000 0.00000000
vn -0.42670000 0.90330000 -0.04380000
vn -0.07440000 0.21390000 -0.97400000
vn -0.18930000 0.17210000 -0.96670000
vn -0.32850000 0.94450000 0.00000000
vn 0.00000000 0.00000000 -1.00000000
vn 0.00000000 0.00000000 -1.00000000
vn 0.00000000 0.00000000 -1.00000000
vn 0.00000000 0.00000000 -1.00000000
vn -0.07440000 0.21390000 -0.97400000
vn -0.23660000 0.06030000 -0.96970000
vn -0.42670000 0.90330000 -0.04380000
vn -0.18930000 0.17210000 -0.96670000
vn -0.97590000 -0.21350000 -0.04420000
vn 0.94450000 0.32840000 0.00000000
vn 0.00000000 0.00000000 -1.00000000
vn 0.32840000 -0.94450000 0.00000000
vn 0.00000000 0.00000000 -1.00000000
vn 0.19410000 0.06750000 -0.97860000
vn 0.04160000 0.25240000 -0.96670000
vn 0.19420000 0.06750000 -0.97860000
vn 0.14810000 0.19410000 -0.96970000
vn -0.07440000 0.21390000 -0.97400000
vn 0.00000000 0.00000000 -1.00000000
vn 0.07440000 -0.21390000 -0.97400000
vn 0.32840000 -0.94450000 0.00000000
vn 0.07430000 -0.21390000 -0.97400000
vn 0.32860000 -0.94450000 0.00000000
vn 0.32860000 -0.94450000 0.00000000
vn 0.22580000 -0.97320000 -0.04380000
vn -0.04160000 -0.25240000 -0.96670000
vn 0.07430000 -0.21390000 -0.97400000
vn 0.00000000 0.00000000 -1.00000000
vn 0.00000000 0.00000000 -1.00000000
vn 0.07430000 -0.21390000 -0.97400000
vn 0.07440000 -0.21390000 -0.97400000
vn -0.19410000 -0.06750000 -0.97860000
vn -0.04160000 -0.25240000 -0.96670000
vn -0.14810000 -0.19410000 -0.96970000
vn 0.00000000 0.00000000 -1.00000000
vn 0.89780000 0.43810000 -0.04420000
vn 0.14810000 0.19410000 -0.96970000
vn 0.19420000 0.06750000 -0.97860000
vn 0.94450000 0.32850000 0.00000000
vn 0.94450000 0.32840000 0.00000000
vn 0.19410000 0.06750000 -0.97860000
vn 0.94450000 0.32850000 0.00000000
vn 0.19420000 0.06750000 -0.97860000
vn -0.14810000 -0.19410000 -0.96970000
vn -0.89780000 -0.43820000 -0.04420000
vn -0.94450000 -0.32850000 0.00000000
vn -0.19410000 -0.06750000 -0.97860000
vn 0.00000000 0.00000000 -1.00000000
vn -0.94450000 -0.32850000 0.00000000
vn -0.19410000 -0.06750000 -0.97860000
vn -0.19420000 -0.06750000 -0.97860000
vn -0.94450000 -0.32840000 0.00000000
vn -0.22580000 0.97320000 -0.04380000
vn -0.32850000 0.94450000 0.00000000
vn -0.07440000 0.21390000 -0.97400000
vn 0.04160000 0.25240000 -0.96670000
vn 0.00000000 0.00000000 -1.00000000
vn -0.07440000 0.21390000 -0.97400000
vn -0.32850000 0.94450000 0.00000000
vn 0.32840000 -0.94450000 0.00000000
vn 0.07440000 -0.21390000 -0.97400000
vn 0.32850000 -0.94450000 0.00000000
vn -0.94450000 -0.32840000 0.00000000
vn 0.00000000 0.00000000 1.00000000
vn -0.42670000 0.90330000 -0.04380000
vn -0.32840000 0.94450000 0.00000000
vn -0.97590000 -0.21350000 -0.04420000
vn -0.94450000 -0.32850000 0.00000000
vn -0.32850000 0.94450000 0.00000000
vt 0.00000000 0.00000000
vt 0.00000000 0.00000000
vt 0.00000000 0.00000000
vt 0.00000000 0.00000000
vt 0.00000000 0.00000000
vt 0.00000000 0.00000000
vt 0.00000000 0.00000000
vt 0.00000000 0.00000000
vt 0.00000000 0.00000000
vt 0.00000000 0.00000000
vt 0.00000000 0.00000000
vt 0.00000000 0.00000000
vt 0.00000000 0.00000000
vt 0.00000000 0.00000000
vt 0.00000000 0.00000000
vt 0.00000000 0.00000000
vt 0.00000000 0.00000000
vt 0.00000000 0.00000000
vt 0.00000000 0.00000000
vt 0.00000000 0.00000000
vt 0.00000000 0.00000000
vt 0.00000000 0.00000000
vt 0.00000000 0.00000000
vt 0.00000000 0.00000000
vt 0.00000000 0.00000000
vt 0.00000000 0.00000000
vt 0.00000000 0.00000000
vt 0.00000000 0.00000000
vt 0.00000000 0.00000000
vt 0.00000000 0.00000000
vt 0.00000000 0.00000000
vt 0.00000000 0.00000000
vt 0.00000000 0.00000000
vt 0.00000000 0.00000000
vt 0.00000000 0.00000000
vt 0.00000000 0.00000000
vt 0.00000000 0.00000000
vt 0.00000000 0.00000000
vt 0.00000000 0.00000000
vt 0.00000000 0.00000000
vt 0.00000000 0.00000000
vt 0.00000000 0.00000000
vt 0.00000000 0.00000000
vt 0.00000000 0.00000000
vt 0.00000000 0.00000000
vt 0.00000000 0.00000000
vt 0.00000000 0.00000000
vt 0.00000000 0.00000000
vt 0.00000000 0.00000000
vt 0.00000000 0.00000000
vt 0.00000000 0.00000000
vt 0.00000000 0.00000000
vt 0.00000000 0.00000000
vt 0.00000000 0.00000000
vt 0.00000000 0.00000000
vt 0.00000000 0.00000000
vt 0.00000000 0.00000000
vt 0.00000000 0.00000000
vt 0.00000000 0.00000000
vt 0.00000000 0.00000000
vt 0.00000000 0.00000000
vt 0.00000000 0.00000000
vt 0.00000000 0.00000000
vt 0.00000000 0.00000000
vt 0.00000000 0.00000000
vt 0.00000000 0.00000000
vt 0.00000000 0.00000000
vt 0.00000000 0.00000000
vt 0.00000000 0.00000000
vt 0.00000000 0.00000000
vt 0.00000000 0.00000000
vt 0.00000000 0.00000000
vt 0.00000000 0.00000000
vt 0.00000000 0.00000000
vt 0.00000000 0.00000000
vt 0.00000000 0.00000000
vt 0.00000000 0.00000000
vt 0.00000000 0.00000000
vt 0.00000000 0.00000000
vt 0.00000000 0.00000000
vt 0.00000000 0.00000000
vt 0.00000000 0.00000000
vt 0.00000000 0.00000000
vt 0.00000000 0.00000000
vt 0.00000000 0.00000000
vt 0.00000000 0.00000000
vt 0.00000000 0.00000000
vt 0.00000000 0.00000000
vt 0.00000000 0.00000000
vt 0.00000000 0.00000000
vt 0.00000000 0.00000000
vt 0.00000000 0.00000000
vt 0.00000000 0.00000000
vt 0.00000000 0.00000000
vt 0.00000000 0.00000000
vt 0.00000000 0.00000000
vt 0.00000000 0.00000000
vt 0.00000000 0.00000000
vt 0.00000000 0.00000000
vt 0.00000000 0.00000000
vt 0.00000000 0.00000000
vt 0.00000000 0.00000000
vt 0.00000000 0.00000000
vt 0.00000000 0.00000000
vt 0.00000000 0.00000000
vt 0.00000000 0.00000000
vt 0.00000000 0.00000000
vt 0.00000000 0.00000000
vt 0.00000000 0.00000000
vt 0.00000000 0.00000000
vt 0.00000000 0.00000000
vt 0.00000000 0.00000000
vt 0.00000000 0.00000000
vt 0.00000000 0.00000000
vt 0.00000000 0.00000000
vt 0.00000000 0.00000000
vt 0.00000000 0.00000000
vt 0.00000000 0.00000000
vt 0.00000000 0.00000000
vt 0.00000000 0.00000000
vt 0.00000000 0.00000000
vt 0.00000000 0.00000000
vt 0.00000000 0.00000000
vt 0.00000000 0.00000000
vt 0.00000000 0.00000000
vt 0.00000000 0.00000000
vt 0.00000000 0.00000000
vt 0.00000000 0.00000000
vt 0.00000000 0.00000000
vt 0.00000000 0.00000000
vt 0.00000000 0.00000000
vt 0.00000000 0.00000000
vt 0.00000000 0.00000000
vt 0.00000000 0.00000000
vt 0.00000000 0.00000000
vt 0.00000000 0.00000000
vt 0.00000000 0.00000000
vt 0.00000000 0.00000000
vt 0.00000000 0.00000000
vt 0.00000000 0.00000000
vt 0.00000000 0.00000000
vt 0.00000000 0.00000000
vt 0.00000000 0.00000000
vt 0.00000000 0.00000000
vt 0.00000000 0.00000000
vt 0.00000000 0.00000000
vt 0.00000000 0.00000000
vt 0.00000000 0.00000000
vt 0.00000000 0.00000000
vt 0.00000000 0.00000000
vt 0.00000000 0.00000000
vt 0.00000000 0.00000000
vt 0.00000000 0.00000000
vt 0.00000000 0.00000000
vt 0.00000000 0.00000000
vt 0.00000000 0.00000000
vt 0.00000000 0.00000000
vt 0.00000000 0.00000000
vt 0.00000000 0.00000000
vt 0.00000000 0.00000000
vt 0.00000000 0.00000000
vt 0.00000000 0.00000000
vt 0.00000000 0.00000000
vt 0.00000000 0.00000000
vt 0.00000000 0.00000000
vt 0.00000000 0.00000000
vt 0.00000000 0.00000000
vt 0.00000000 0.00000000
vt 0.00000000 0.00000000
vt 0.00000000 0.00000000
vt 0.00000000 0.00000000
vt 0.00000000 0.00000000
vt 0.00000000 0.00000000
vt 0.00000000 0.00000000
vt 0.00000000 0.00000000
vt 0.00000000 0.00000000
vt 0.00000000 0.00000000
vt 0.00000000 0.00000000
vt 0.00000000 0.00000000
vt 0.00000000 0.00000000
vt 0.00000000 0.00000000
vt 0.00000000 0.00000000
vt 0.00000000 0.00000000
vt 0.00000000 0.00000000
vt 0.00000000 0.00000000
vt 0.00000000 0.00000000
vt 0.00000000 0.00000000
vt 0.00000000 0.00000000
vt 0.00000000 0.00000000
vt 0.00000000 0.00000000
vt 0.00000000 0.00000000
vt 0.00000000 0.00000000
vt 0.00000000 0.00000000
vt 0.00000000 0.00000000
vt 0.00000000 0.00000000
vt 0.00000000 0.00000000
vt 0.00000000 0.00000000
vt 0.00000000 0.00000000
vt 0.00000000 0.00000000
vt 0.00000000 0.00000000
vt 0.00000000 0.00000000
vt 0.00000000 0.00000000
vt 0.00000000 0.00000000
vt 0.00000000 0.00000000
vt 0.00000000 0.00000000
vt 0.00000000 0.00000000
vt 0.00000000 0.00000000
vt 0.00000000 0.00000000
vt 0.00000000 0.00000000
vt 0.00000000 0.00000000
vt 0.00000000 0.00000000
vt 0.00000000 0.00000000
vt 0.00000000 0.00000000
vt 0.00000000 0.00000000
vt 0.00000000 0.00000000
vt 0.00000000 0.00000000
vt 0.00000000 0.00000000
vt 0.00000000 0.00000000
vt 0.00000000 0.00000000
vt 0.00000000 0.00000000
vt 0.00000000 0.00000000
vt 0.00000000 0.00000000
vt 0.00000000 0.00000000
vt 0.00000000 0.00000000
vt 0.00000000 0.00000000
vt 0.00000000 0.00000000
vt 0.00000000 0.00000000
vt 0.00000000 0.00000000
vt 0.00000000 0.00000000
vt 0.00000000 0.00000000
vt 0.00000000 0.00000000
vt 0.00000000 0.00000000
vt 0.00000000 0.00000000
vt 0.00000000 0.00000000
vt 0.00000000 0.00000000
vt 0.00000000 0.00000000
vt 0.00000000 0.00000000
vt 0.00000000 0.00000000
vt 0.00000000 0.00000000
vt 0.00000000 0.00000000
vt 0.00000000 0.00000000
vt 0.00000000 0.00000000
vt 0.00000000 0.00000000
vt 0.00000000 0.00000000
vt 0.00000000 0.00000000
vt 0.00000000 0.00000000
vt 0.00000000 0.00000000
vt 0.00000000 0.00000000
vt 0.00000000 0.00000000
vt 0.00000000 0.00000000
vt 0.00000000 0.00000000
vt 0.00000000 0.00000000
vt 0.00000000 0.00000000
vt 0.00000000 0.00000000
vt 0.00000000 0.00000000
vt 0.00000000 0.00000000
vt 0.00000000 0.00000000
vt 0.00000000 0.00000000
vt 0.00000000 0.00000000
vt 0.00000000 0.00000000
vt 0.00000000 0.00000000
vt 0.00000000 0.00000000
vt 0.00000000 0.00000000
vt 0.00000000 0.00000000
vt 0.00000000 0.00000000
vt 0.00000000 0.00000000
vt 0.00000000 0.00000000
vt 0.00000000 0.00000000
vt 0.00000000 0.00000000
vt 0.00000000 0.00000000
vt 0.00000000 0.00000000
vt 0.00000000 0.00000000
vt 0.00000000 0.00000000
vt 0.00000000 0.00000000
vt 0.00000000 0.00000000
vt 0.00000000 0.00000000
vt 0.00000000 0.00000000
vt 0.00000000 0.00000000
vt 0.00000000 0.00000000
vt 0.00000000 0.00000000
vt 0.00000000 0.00000000
vt 0.00000000 0.00000000
vt 0.00000000 0.00000000
vt 0.00000000 0.00000000
vt 0.00000000 0.00000000
vt 0.00000000 0.00000000
vt 0.00000000 0.00000000
vt 0.00000000 0.00000000
vt 0.00000000 0.00000000
vt 0.00000000 0.00000000
vt 0.00000000 0.00000000
vt 0.00000000 0.00000000
vt 0.00000000 0.00000000
vt 0.00000000 0.00000000
vt 0.00000000 0.00000000
vt 0.00000000 0.00000000
vt 0.00000000 0.00000000
vt 0.00000000 0.00000000
vt 0.00000000 0.00000000
vt 0.00000000 0.00000000
vt 0.00000000 0.00000000
vt 0.00000000 0.00000000
vt 0.00000000 0.00000000
vt 0.00000000 0.00000000
vt 0.00000000 0.00000000
vt 0.00000000 0.00000000
vt 0.00000000 0.00000000
vt 0.00000000 0.00000000
vt 0.00000000 0.00000000
vt 0.00000000 0.00000000
vt 0.00000000 0.00000000
vt 0.00000000 0.00000000
vt 0.00000000 0.00000000
vt 0.00000000 0.00000000
vt 0.00000000 0.00000000
vt 0.00000000 0.00000000
vt 0.00000000 0.00000000
vt 0.00000000 0.00000000
vt 0.00000000 0.00000000
vt 0.00000000 0.00000000
vt 0.00000000 0.00000000
vt 0.00000000 0.00000000
vt 0.00000000 0.00000000
vt 0.00000000 0.00000000
vt 0.00000000 0.00000000
vt 0.00000000 0.00000000
vt 0.00000000 0.00000000
vt 0.00000000 0.00000000
vt 0.00000000 0.00000000
vt 0.00000000 0.00000000
vt 0.00000000 0.00000000
vt 0.00000000 0.00000000
vt 0.00000000 0.00000000
vt 0.00000000 0.00000000
vt 0.00000000 0.00000000
vt 0.00000000 0.00000000
vt 0.00000000 0.00000000
vt 0.00000000 0.00000000
vt 0.00000000 0.00000000
vt 0.00000000 0.00000000
vt 0.00000000 0.00000000
vt 0.00000000 0.00000000
vt 0.00000000 0.00000000
vt 0.00000000 0.00000000
vt 0.00000000 0.00000000
vt 0.00000000 0.00000000
vt 0.00000000 0.00000000
vt 0.00000000 0.00000000
vt 0.00000000 0.00000000
vt 0.00000000 0.00000000
vt 0.00000000 0.00000000
vt 0.00000000 0.00000000
vt 0.00000000 0.00000000
vt 0.00000000 0.00000000
vt 0.00000000 0.00000000
vt 0.00000000 0.00000000
vt 0.00000000 0.00000000
vt 0.00000000 0.00000000
vt 0.00000000 0.00000000
vt 0.00000000 0.00000000
vt 0.00000000 0.00000000
vt 0.00000000 0.00000000
vt 0.00000000 0.00000000
vt 0.00000000 0.00000000
